"Target"	"x90_1"	"x90_2"	"x60_1"
1	-1.15672842080965	-2.03305486207654	0.61366274878037
1	0.420604463593654	-0.68193522767789	-1.88196842528863
1	-1.87952718950013	-1.49093100673257	-0.882281072517665
1	-2.12750750257937	-0.286183707849102	-1.6115791787332
1	-1.29656230771794	-0.334389029775168	-0.135625109012821
1	-2.04743195223069	-0.199905914658118	-0.328637132671457
1	-0.375392081682804	0.328248751987106	0.484575013681138
1	1.02640756251237	0.548171402530902	1.42823336226696
1	-2.0154245008488	0.190015142476474	-0.350461693117411
1	1.40389195550444	-1.54621704662526	-1.48684679535989
1	-1.47987019021606	-2.83588664560272	-0.347715236014436
1	-2.99770689926099	-1.70003489619204	-0.311771101009208
1	-1.56372692341773	0.000945591231575338	-1.17836274498542
1	-1.9316733846845	1.31507008771985	0.566017282085493
1	0.412342550983029	-2.60276432170005	-0.914178330524795
1	-0.810352271290677	-1.46931816068968	-0.603228399068763
1	-0.0251081129584246	-1.77802300049535	0.340318527032723
1	-1.03111509130007	-2.30911661716606	3.28942410695359
1	-0.909736349797805	-1.09720454652334	-1.97873786415657
1	-0.566710729200329	-0.829324240878014	-0.261192754663959
1	-0.498583421601221	-0.907158352112099	1.66334921280201
1	0.682262386588013	-0.543050715430206	0.0458037014763143
1	-0.960579318301892	-0.365711724869336	-0.320078091532591
1	0.767520096374955	-0.334009465293782	0.272811621315511
1	0.936612821095358	0.362150746234528	0.0700436517108355
1	-1.19740383794627	1.02495945732747	-0.0720204972747596
1	-0.0820710256831397	-0.383243451154916	1.22177269845232
1	-0.0968974221621666	-0.570368559440874	-1.0981194767871
1	0.847898365255637	-1.11481711353328	-0.637771077192754
1	0.838192367883369	-0.941521230223065	1.21954428849233
1	-1.69913198671318	2.20120699207506	0.588879907215184
1	-0.951868628651463	1.00166077032585	-0.835909600816354
1	-0.184160353835116	1.92515535800131	-0.632397090907974
1	-0.670256520407562	-0.0840203375434172	-0.860834513521428
1	0.478303022286492	-1.08483697314233	-1.97855755461373
1	-0.0820171539761092	-1.46486291644801	0.00714417399904052
1	0.373205406249208	0.832021429898216	-1.20150945561799
1	0.259201956332176	0.423443799552931	-1.80129889295685
1	-0.647704454544658	-0.103278719337442	-0.600854821964869
1	-0.939892501890756	-1.4404731715713	-2.20108829269965
1	-2.50252438724374	0.13416047308504	0.322740331832235
1	-1.47214300924564	1.09633705298111	2.38105593025555
1	-0.779273578413436	-0.449598900958266	0.334429229381629
1	1.3369185613031	-0.835173635956933	-2.19051237167901
1	-0.623349582167054	-1.81668575576348	-0.605805073618748
1	0.198182360826023	0.751221609275002	-0.232002545447427
1	-1.32073298173907	0.224653771049283	-0.409480860950986
1	-0.345435658238716	-1.00578855455311	1.16531876858031
1	-0.490933875230743	0.242695789241578	0.594798942438598
1	-0.5448480404173	-1.20835072235321	0.212843979947296
1	0.485743243079069	-0.621287538206407	-0.041835334430183
1	-0.704419790028333	-1.05041152558546	0.421523384692818
1	-0.502057518822163	-0.253389722426255	0.417617897931619
1	-0.447698346542407	-0.127701740579432	-1.1260038659597
1	-0.700575258079273	-1.59648011513937	-1.40394370114395
1	-0.881930852767667	-0.284256182821081	-0.0976929540222028
1	-0.428578019138095	0.441413261606862	-0.501255647790112
1	-1.26278339420139	-0.419868465258778	0.26884942995958
1	-0.617512050946424	-1.32120058232047	0.258749468491744
1	-0.324894748074079	-0.224640196532555	0.0301187404752683
1	-0.957023322143628	-0.458786945403348	0.687468417649346
1	-0.946129877014272	-0.401032200475255	0.0980147358279895
1	0.047292403039132	-1.55949465873899	0.630798134198693
1	0.397759299530653	1.42507759437706	-1.28426255423332
1	0.593622708647207	-0.318024822057299	-0.962065848042188
1	-1.10094033113805	-0.182783237374804	-0.00976830879365001
1	-0.662506265815414	-1.74799411362667	-1.04484711847169
1	-3.16302853731207	0.385976637923661	1.28613355922897
1	3.11254553791881	-1.31913534662051	-1.11333756285475
1	0.226790238971795	0.298882103386944	0.807187209923457
1	0.27045440281042	-0.0920803761169463	0.226902400881977
1	0.273921078441128	0.337821070804745	-0.750416563053055
1	-0.865725072554703	-1.15852081450655	-1.87493631137799
1	-1.69117552663938	-1.23866763635543	-0.660063365412512
1	-0.528571125298412	-1.46326648377196	-0.926014705732085
1	0.945859273082975	-1.07113160843044	-1.44172001953427
1	0.44023282455371	1.18957604676491	-0.940378664006172
1	-0.141534233865175	1.26284329765984	-0.676774032912173
1	-0.729459307160902	0.640137122601468	-0.393429549421465
1	-0.900296200241512	-0.7077061793637	0.794209116422366
1	-0.829348182898482	-2.51675472239237	0.224343942134677
1	-1.37879589871053	0.547601087337941	-0.866378012159103
1	-0.697139671848288	-0.43409011966015	-0.482803404626113
1	-0.984958311059373	1.81046237099034	0.822674744047981
1	-1.212302820288	-0.282566102046044	-0.717767350261434
1	1.77063686090923	-1.1117546741204	0.728174383612868
1	-1.67697917506231	-0.785582118704268	-0.770929861098104
1	0.219472021372835	-2.74053494008892	0.306814265376787
1	0.392031334906197	-2.89544661619321	1.45700942189184
1	0.00134668241259339	-0.384599201694918	0.67731874644115
1	0.646933556720102	0.192825394609902	1.35056996732412
1	0.643744275225595	-0.645571550961524	-0.898992784031725
1	-0.629838545580933	0.536107269237973	-0.616635956800019
1	-0.904237120563686	0.378013852517182	1.06426646000121
1	-0.968058614481379	1.0111123530653	-0.673896699184391
1	-1.17244858639724	-1.26787379137064	-0.392899278444703
1	-0.111799144781347	0.449239958164276	0.751656914703806
1	-1.23021317505245	1.06508194462406	1.064665814707
1	-2.98173909507619	-0.63008206854961	-0.8232315672386
1	-1.63402756274666	-4.04526782523759	-1.40062981580293
1	1.38728332534249	-1.21592508535969	-0.517966370002114
1	-0.609485595390606	-0.479364610870978	0.928043278586189
1	-0.0262154908892925	1.04941246958812	-0.403353577699707
1	0.0837278360654394	-0.829337701516256	-0.69058582100174
1	-1.13382940496748	-0.746412626271008	-0.825028821797432
1	0.120533864630445	-0.0867757570186264	-1.55916600682435
1	-0.784085484113327	0.505994295699057	-0.267163394576423
1	-1.06420959129091	0.448167026771681	-0.517117206995028
1	-1.52601720568226	-2.43555717355121	-2.29194001118744
1	-0.761371108387018	-1.43659922657976	0.578539577511202
1	-1.61835775166158	-0.424876173183359	-0.759894849756106
1	-1.88035220938052	-2.39173494672572	-0.25578234647373
1	-1.13313300801515	-1.89007004450482	-0.302480894820477
1	-0.877372091630739	-0.407021325941253	-0.619950648858554
1	-2.44525692054483	1.78130524922714	0.750094628135944
1	-0.463857192642228	-2.27440367756987	-0.753819300048529
1	-1.00686262426131	-1.59960145482282	-2.17752253245387
1	0.685466433226421	0.935562696957231	-0.23407791892839
1	-0.0604308781250318	-0.399616941485355	0.270736822936995
1	-0.232179427546002	-1.02194583923397	-1.43442004170533
1	0.43410411928999	-1.72250428479688	0.768840142357709
1	-2.45038717458634	-0.337551742175276	0.882256093295508
1	-1.22611015920684	-1.05874931795804	0.088256276344144
1	-1.98538091879438	0.491823179325154	0.462835359952419
1	-0.251579780827874	-0.0510444273679206	0.197854336985893
1	-1.14632566953433	-0.600312173439057	-1.03319901018958
1	-0.50895499282681	-1.60521938733999	-1.90825266446446
1	-0.141771028225238	0.253175305207865	0.487968207890043
1	1.75257888889691	-0.377494002082693	0.342605875957239
1	-1.17247810654293	-0.121221742598866	-0.144475415973731
1	0.128151200779866	-0.377630080108246	-0.314373984152515
1	0.628922376068015	-0.189851862348931	-0.65207195192204
1	-0.549334575899429	-0.16323280184588	0.950528979360141
1	-2.83282081855253	0.084942849340806	0.546682067516888
1	-1.03946783819458	-0.547346545370891	-0.500350773055519
1	-0.355841718843877	-0.597853051243708	-0.440999269793199
1	0.304747188147386	-1.98994638225752	-1.49023991337145
1	0.630541072141017	-0.230872496858137	-1.43775133198003
1	1.24458835301077	-1.56024110507878	0.967748789489792
1	-0.844379552888116	-0.786448124254013	0.989518862272912
1	-0.177089594308496	-0.584377783623043	-0.168309441050618
1	-0.421123606486651	1.1282555517747	-0.421388115458158
1	-0.370650921267639	0.328070846490581	-1.14106103284929
1	0.304430632579795	-0.443523020123069	-0.238649720203927
1	-0.338263481199904	-0.175064755673443	-0.154776650814787
1	-1.58563654953116	-1.6045744485775	0.172970559675149
1	-1.56736645335771	-1.78139454775571	0.337588691218637
1	-1.04642444831517	1.14724924777256	0.481444601464194
1	-1.58470022234565	0.287515228400947	-1.2370123508189
1	-0.379368140084889	-1.30351549932259	1.89914936668454
1	1.20871374490098	-1.26307617269484	0.242598444738332
1	-0.290397912130041	-0.81081142028869	-0.896193939558899
1	0.466696876220844	0.956903751638586	-1.84998690160571
1	-0.616732117277355	-0.01473690477547	0.385772330158289
1	-0.895860098797861	-1.4640114017069	-0.919614148042632
1	-2.27326192584385	-1.96510323426303	-0.0534952947281944
1	-0.817055029707097	-1.03764220498245	1.72879511709571
1	-1.56491961237194	-1.21620290875077	-0.501771867359316
1	-1.89911627320926	0.248436400368875	-0.557180337271372
1	-0.0580946715420545	0.736192814803244	0.0874746016162631
1	-0.522047819214994	-0.452124521000333	-0.30720235337124
1	-0.701660163060808	-0.935853022216118	-1.06131224257413
1	1.08181194950481	-1.97649320708736	-0.448326478886
1	-0.939001676815464	-1.02821036280503	0.801413191581348
1	-1.80657931585343	-1.4272883050194	1.11326183232065
1	-1.41519428855496	-0.0994941123584142	-2.14806615106247
1	-0.206455719550152	-0.863824175827999	0.323407600420488
1	0.827508659205028	-0.346904155219934	-1.27131655910755
1	-0.1587318512134	0.732788057038602	0.19572570605311
1	-2.01941192822968	0.422256917694051	1.60932046759585
1	0.984145295708537	-1.13647875492989	-0.532868542896268
1	-3.2475697930259	-1.51947646481317	-0.280042828806851
1	-1.98289380683196	-1.49819399567824	0.36443062745598
1	-1.15584198372848	-0.620681986447628	-0.331777981147462
1	-2.17538902193774	-0.640424096876303	-0.328300032383451
1	0.311884062954944	0.996699733279515	-1.42999931691698
1	-1.04410527548661	-0.760653567719995	0.637209662432471
1	-0.697361440249802	-0.697940855155136	2.13732962593024
1	-0.0549832449244528	0.997667946648912	-0.727844486310549
1	0.996630920950377	-0.871065823410002	-1.38994360257109
1	-1.9589075744485	-0.91161595511693	0.519685608788066
1	-2.22903751159362	-0.6928973866244	-0.760410100979747
1	-0.483009989930448	-1.36535405618872	0.689936887860522
1	-1.10511105608397	-2.48972705128297	0.329311558143516
1	0.731843814049072	-0.384051805335696	-1.14907453370146
1	0.621715660510883	-1.08283360953216	-0.723666142947771
1	1.29804869185451	0.497359876038711	0.15704711834289
1	0.0854563342962842	0.662303986768363	-0.32651432425663
1	-1.34029276009468	-0.894263543735526	-0.150060554530033
1	-1.35207659105917	-1.7202417479368	0.963055064560704
1	0.495511418893889	1.45544842766064	-1.81471031872168
1	0.0952678986205128	-1.33924959395726	-0.356930653811952
1	-2.52561209063276	-1.58176948552218	1.0455357947677
1	0.798651949338115	-0.170916038422976	1.98986133167187
1	-1.22956300246931	1.75547673969423	1.35134425923075
1	-0.0685386188040671	-1.38632594095744	-0.731697106636288
1	0.26884896897613	0.524296514719566	-0.295097428482646
1	-0.444735418194682	0.243197903185145	-0.265786205074539
1	1.23199698148697	0.014365879862785	0.497821819672039
1	-0.0122747562729451	0.214993209930932	-0.996772967581846
1	-0.958982258106082	-0.890479613715904	-0.777361472060552
1	-1.78679524454869	0.472816681590092	0.729321082808156
1	-3.80913169075061	-0.713028211309574	-1.56812733697249
1	-0.425354352522607	-0.689526695296901	-0.416816575711443
1	-0.47739418396503	0.405764907769382	-0.548468015424269
1	-0.805299447547575	-0.462475316794933	-1.01375837039759
1	-0.743444536346638	-2.42930293400014	-0.650469948399811
1	-1.33082280367086	0.332247217368177	-0.254000666460422
1	0.512341181321405	-1.36493625469257	-2.4317159331891
1	-0.384951376568953	-0.108747370223302	0.2485289216518
1	-0.582140504247319	-0.197903823059317	-1.59500359542073
1	0.838763897713141	-2.23905706222125	-2.44260519417851
1	-0.736504726009417	-1.60904291910283	0.671520163574189
1	0.0855862802962204	0.0213966890377459	0.723717399724436
1	-0.45160896084429	-0.166262958969439	0.732849310613243
1	-1.28640014503757	-0.100848073617763	1.09876024475541
1	-1.48000802739324	-0.00795276118339328	-1.32402245688864
1	0.277197384453692	-1.00120814735281	-0.614536380886786
1	-0.567041400844098	-0.679862787026174	0.465842067232437
1	0.983386735679712	-0.507493552897015	0.427391598279392
1	0.248310524330797	-0.761373749218959	-0.657528275465515
1	1.45060911582816	0.0619851549489479	1.13317724820858
1	-2.00400979329163	-1.95894030084015	-0.3259781288694
1	0.116097281340608	0.267519734105125	-0.456501641566128
1	-1.57413504105262	0.0256538225245115	-2.4955378970027
1	-0.687981795922856	0.44428162032848	-2.52761453762078
1	-1.48684431733958	-0.000268824123171529	-0.240189068667809
1	-1.01279546396439	0.359253784246876	-1.03439401621885
1	-1.21857071908107	-0.577057718000247	-0.14961092010211
1	-0.569086841805565	-0.820769288728317	-0.625306245858667
1	-0.461383877960171	-1.3568547939367	-1.33106513478093
1	-1.86669502555972	-0.411291253867207	1.59288544244269
1	-0.8134140329228	-0.853943564985143	0.208067042261078
1	-0.647586624126369	1.31038753988406	1.45898439396768
1	-0.679414948498625	-0.9559959852279	-0.123537645430815
1	-0.748750054267153	-0.116540917574414	-0.816246541903973
1	-1.00169590201118	0.918467046160789	0.277400476643904
1	-1.66454212280876	0.994325777243849	0.0955522171638046
1	-0.271841487968589	0.103871293656194	-1.09414239905736
1	-0.500245098533607	-0.689612017142957	-0.260918254231805
1	-1.48748335181624	-1.03281015710215	-1.44169207169236
1	1.29855883609185	0.60192728100545	2.22551897187481
1	-0.34946439199135	0.138053729453277	0.0386658344098179
1	-2.05996111016927	-0.485940358478347	-0.45278834002504
1	-1.09038883877684	-0.3758885212478	-0.790922640513226
1	1.35796909697246	0.324968973067242	-0.997527104324388
1	-1.82532882117848	-0.37921704064006	-0.970337039774174
1	-1.93877385201836	-1.10088199270838	-1.94097491163831
1	-2.1157637272242	1.20168414818521	-1.14757586581748
1	0.207427006537736	0.912783357974927	-0.688384193226271
1	-0.369323473971246	-1.38657594909793	-0.993600641895551
1	-0.826502409860964	-0.513404280115981	-1.28709210648256
1	0.799176175153542	-1.3607007509885	0.561929785550661
1	-0.443462523100097	-1.49571615278189	-1.623147997985
1	-0.0313705326999972	-0.194094622478139	-0.880510651965063
1	-2.32886467106691	-1.3368515142038	-1.25627812405744
1	1.15059841296975	-1.62866771830293	0.563736078488466
1	-0.812191375419626	-0.490457763644007	1.28277177215786
1	-0.417132960882335	0.718501337516463	0.600292949360227
1	0.334559302418964	0.129530540845842	1.38712328017251
1	-2.0149147406479	-0.432597319190893	0.536536199401407
1	-0.0854758526000904	-2.0967479845121	0.213986285733793
1	-1.11594188868567	1.05133790927824	-0.375607955854003
1	-0.262868056553247	-0.147302153528422	0.368823920095267
1	0.430886726073424	-0.0120221599756053	0.52498939139193
1	-1.99019289800368	1.16569657182277	-1.44325644964382
1	0.167630396387777	-0.613895968732788	1.3869569881562
1	0.756302498770953	0.667860373071261	1.67923461843221
1	-3.09196127325117	-1.55904532365296	1.04348966919494
1	0.71601830268865	0.887945491491144	1.98457963844439
1	-0.938157667922606	-1.13230459154116	0.377040722867997
1	-0.0927220123805131	-1.00398173055196	0.897902062823762
1	-2.12643834109228	-1.4871059972277	2.27047824481743
1	0.152925348441915	-2.20350138569897	0.741455843007584
1	0.302337503987902	0.529793796121437	-0.691358548163102
1	-0.485415292046719	-2.66546599038671	-2.72030301150088
1	0.183473393061986	0.611644314503944	0.945169100432305
1	1.09695586107519	-1.13147124877672	0.130986228434347
1	1.05742679676593	-1.14875428182054	-2.09782277347338
1	0.491345634045402	-1.36806998631332	0.415764423965804
1	0.696291303158528	-1.98905631944523	-1.09879551412641
1	0.678612574900237	-0.0463788401119227	-2.65654280784711
1	0.699753419186539	-2.81298881110896	0.637039526203131
1	1.41685099689058	-1.94826331232421	-1.94218810524299
1	-1.37599490703366	-0.945197988230248	-1.19400295374111
1	-1.32837729023737	-0.931302280935061	-1.37230092771193
1	-0.0426757400075669	1.25584167475784	-0.0802097634278897
1	-1.39884039605665	-1.15572150197238	-0.0587786259977595
1	-2.32295109795306	-2.34348706480266	1.90882318043034
1	-1.57295508046663	-0.935397257506578	1.37844013232798
1	-2.13673128187006	-1.1519240272717	0.508893635421931
1	-0.724031870579235	-1.60082952736002	-0.883346360356424
1	0.385371641467578	0.679083825799429	1.27236754897874
1	0.620626456200578	-0.869873079703778	0.248121252835145
1	-0.364054841947226	0.449777391743562	-1.27197074456666
1	-0.605253426541742	0.0741564512095814	0.691464336389387
1	-0.871850100661791	-0.370658098302266	-0.179781555947425
1	0.948351140395733	0.118572391731285	-1.84819013129527
1	-0.744894445108464	-1.12400461796525	0.293960929103281
1	-1.87862175988513	-0.208457515185564	-2.05009503191074
1	-1.23610001375677	1.43522970836311	-0.830534757134347
1	-0.226282545205742	1.61124684336275	0.138842820542804
1	0.0671579929034845	-1.01984763355751	2.31691402453502
1	-0.588916239643557	1.18758420182868	0.000639625122714732
1	-1.27544594062833	-1.91724578895261	-2.13566101259712
1	-1.11595880382592	0.61694982724366	2.15336677774469
1	0.346710920118544	-0.900387781852744	0.205562716791854
1	-0.254634296403173	-1.22967258290204	0.30638309923929
1	-1.94317824717865	-0.574925019837707	-0.783638855785847
1	-2.21017509937683	0.0723480513799857	-0.765726291632523
1	-0.510474547853613	-0.846158122111957	0.316192576293491
1	0.905922689191992	1.01790065798493	-0.502697174378107
1	0.254043710006087	-1.29159100234019	1.51426110584217
1	-0.0813258091189484	-1.95177017782472	0.796182347779897
1	0.417833234830248	1.19873798587435	0.597266893142091
1	-0.352599417617997	1.03852030578043	-1.63356544132757
1	-1.48127342452157	-1.39716959425539	0.782876030350608
1	-1.89779399785657	-2.17058561675623	0.256802306696959
1	-0.460860375702336	-1.9303543613437	0.101305406864178
1	0.0506420418079	-1.25496213688336	-0.486009494012239
1	-2.55671863402817	-2.21454427248591	-0.31167418644982
1	-0.11002014300653	-0.555607872936883	1.1875143632419
1	-1.5100859750094	-0.714185775377853	-0.604518450920378
1	-2.10045309597455	0.520775945345143	-0.241109811735574
1	0.339763121429962	-0.235843995522965	-0.498370728639615
1	-0.0165400978271362	-1.39635070606819	-0.290862278811551
1	0.259645590775956	0.202052018818522	-0.0814551648551799
1	-1.06415098133281	0.27217351576012	2.06809367307462
1	-0.37729298017348	-2.90189138478832	-1.12048469227072
1	-2.09638890609852	0.61671768744757	-1.93524783871638
1	-1.98075636924894	-0.449156004367263	1.32564106217494
1	-0.163161973976364	-0.855844172556953	0.0164574959472154
1	-0.344728976800881	-0.280025628819058	-1.49659774017024
1	0.613692021370718	-0.192801836160489	-1.26609308557831
1	-1.66848357848553	0.0935395816611669	-0.0350825030464053
1	-1.76136528589027	-1.17655657028953	-0.812312408186596
1	-0.465311482571611	0.0826245081376349	-1.01970546544734
1	-1.63064210375191	-0.0689986680293422	-0.243305582543748
1	-0.397279458384538	0.0784963124856595	-1.6436283964695
1	-2.44651310802527	-0.515346301178856	-0.251806266816803
1	0.275314433886285	-0.0039597289553519	-1.17227779908241
1	0.0601745112879165	-0.861000856919519	-0.80312357428435
1	-0.834187325871144	-0.532919996969778	1.03030706908746
1	1.0148426940977	0.980003046779745	-1.45496076713788
1	-0.15434238831372	0.132515499192058	-0.802198042606166
1	0.132244499302536	-1.52902892325299	-0.68095668770216
1	-1.92915406414021	-0.27047221510764	-2.5234558461591
1	1.53263980780922	-1.959057750594	-0.0652685990048887
1	-0.9983580116182	0.261464031881325	0.583076223313877
1	0.788508800781469	-0.61420279931697	-0.525632244463311
1	-2.92003747298315	-1.25006939509129	0.42000609235453
1	-2.25192298387562	-0.859682959070769	0.0389986817526799
1	-2.12866083423482	-0.362776506685875	-1.07066182050618
1	-0.550996661836737	-0.577089036254398	-0.945890598258475
1	-0.587096133124218	-0.707720269706332	-1.28810966777078
1	-0.0389748274197478	0.0187948720913392	0.236781744660378
1	-0.732418576177157	-0.918498096380838	1.3682275289501
1	0.185732667498117	-2.30502900117886	0.129218149635198
1	-0.119133123996056	-0.341126016245228	-1.55435309011011
1	1.17416345289067	-0.92020847528707	0.611505226932193
1	0.0881799885461917	-0.144498710017908	3.04997049749837
1	-1.40048143085568	0.885042221711191	-0.304328568032166
1	1.33507047992652	-0.112288790388322	-1.10628277974857
1	-1.08475231557845	1.35450301966869	1.08106645655524
1	-0.124202686962357	1.33528055038486	1.24547655514634
1	-1.94768178464832	-0.645656086364581	-1.93222927267956
1	0.774530337970481	-1.48903130615717	2.69802295002057
1	0.634175117619263	-0.779795824003211	-1.81597876733486
1	-1.0326387856699	1.36730102731244	-0.334573058163778
1	-1.93084679721735	0.522596817616371	0.55036080908014
1	0.196703876382499	0.0607262635915651	1.33727646281316
1	-1.02534237545924	-1.6039072161607	0.889701551713885
1	-0.282383729339631	0.753666296080789	0.426200701707707
1	-2.20005907020277	0.788772644170451	0.332737871806961
1	0.297536530550201	0.0750090221949864	1.23286208845411
1	-2.26927629533713	1.13157899662387	-0.712580377285624
1	0.369430839266655	-0.643670104083519	-0.886624223461587
1	-0.336796837235566	0.587194547507703	-1.08800369416591
1	-0.75387027909471	-0.0518907081417447	0.192871550536107
1	0.483708066170248	1.40093684177023	0.924154840712823
1	-1.91721935436385	-2.09319851851589	0.499341489779771
1	-1.45848673722285	-3.66156630737383	-1.03898863614235
1	-0.0280564643994303	-0.920060826448649	-1.23584854999542
1	-2.0595150530877	-0.453367209548949	1.42307211536285
1	-0.917112158229379	-0.859439664094103	-0.782755304911713
1	-1.04781602217798	-1.9589124132665	0.0892116721939565
1	-1.52681396845607	0.146248677459208	1.17070040696272
1	-0.882359130270802	-0.155337509277783	-0.0554885623999034
1	-0.855099811492452	-1.63211308158268	0.335362231763833
1	-2.11177230319374	-2.81850414849102	-2.26160230195439
1	-0.211240907400741	1.04902671845643	1.21394517336205
1	-1.03157898414382	0.816275556613853	-0.0981810181758892
1	-1.06827063855001	0.745414058600077	-0.887066251397388
1	-0.237646055627811	-0.802647988654457	-1.09212827575508
1	-0.698989755316175	-1.66402639450885	-0.197383336233344
1	-0.607446900186562	-1.70323218047473	-0.962107661576356
1	-0.0544392004854976	-0.669111557916573	0.817038443119321
1	-0.898720235546529	-0.652957528378541	-0.0114143599784099
1	-0.974010990730672	0.106412794257293	-0.11599347472343
1	-1.50212549983606	-0.260486126135406	-1.24510742146992
1	1.01739787042566	0.638237504132973	0.100051333507056
1	-0.158195191682427	-0.00289418970983102	1.92167880706892
1	-0.038405067053098	-2.45102674546521	-0.0499587874279984
1	-0.776857915114635	-0.0571013794293949	-1.60187493355386
1	-0.947384728204736	1.75633353047749	1.44808516401385
1	-1.21996586392285	-0.400047498085881	-0.947685218544289
1	0.415107996125318	-0.954265388323197	0.534408459136983
1	0.416082211283053	-1.45562403958353	-0.362956826980487
1	-1.30066379903035	2.02785538613501	-1.196070878028
1	-0.544396319023185	-0.461836414959173	-0.470650733417408
1	-0.00176374620555497	-1.80609720771866	-0.27880437766318
1	-0.317076848432153	-1.18726304332914	-1.42411155499557
1	1.7796387761263	0.686470741909503	-3.14552775707245
1	-1.48109785165137	-0.609884759828959	-0.816734284619466
1	0.708082512279817	-1.96398076238181	1.7387151272235
1	-0.0925796971015242	-0.231736776259735	-0.986560003000491
1	-1.08561556405055	-0.386404451001222	0.542635787678789
1	-0.781802417871356	-0.0451858755890296	-0.659464460229244
1	-0.506031277267484	0.454434890684762	0.318347584146715
1	-0.416923261695169	-1.59647350440157	0.569127208789608
1	-0.681203037445354	-1.52649994149153	0.532362757845162
1	-0.166181472180938	0.576283849843196	-0.584671106827495
1	-1.39930409463403	0.379746683496119	-0.175057691775067
1	-1.30566036929196	-0.970545839723338	0.318577250447628
1	-1.60803167495407	-0.388031862391143	1.0001822904353
1	-0.242498817918221	-1.7954387256006	-0.702436944906788
1	-0.217461188761062	0.674521952445511	0.291692815653308
1	-0.0947306877902666	-0.423262217858637	1.97648377883332
1	-2.68335401838122	-1.18871603768216	-0.0738189348992968
1	1.13426918684081	-0.558924140442557	-0.983346207654434
1	1.30561833684012	0.97864264790964	1.95831075968342
1	0.293729348596117	0.177909669275195	-0.696580507060096
1	-1.66540692163276	-1.4133898422641	0.34778534502303
1	-1.86054398882885	-0.444294968171784	0.19415469685012
1	0.168274800767216	0.138316189971341	-0.25734936560673
1	0.038608460167753	0.462155720533514	0.25603951304187
1	-1.90582345142323	1.39466990043346	0.156717917612626
1	-0.561970580322301	-0.782513697587771	0.475600882681881
1	-0.108716716296325	-1.23266406896669	0.307287490157663
1	0.203885326259285	-0.96265354725256	-0.555928410580539
1	-1.33809988232483	-1.51609955652762	0.087095136260477
1	-1.40621031085368	-2.16786107819521	-1.35035312742549
1	-1.12193350065477	-0.681107811855843	-1.31924272121189
1	-0.341262937599569	0.152827302331049	-0.513614347084137
1	-0.0975127787514802	-1.46514609135927	-1.90644852883806
1	-1.01252371504965	-1.59344628992277	0.125644230555062
1	-1.82804411091898	-0.709815210438842	-0.500200582347851
1	0.326057059382763	-0.918198463441754	-0.468147661979518
1	-1.22739574437322	0.226579452910771	-0.133978237304413
1	-1.30886455764937	-0.853295630874217	-0.606069468484831
1	0.190365943124919	-2.32819223112013	0.527954517150944
1	-1.46123504092316	0.338757444699908	1.22379114147021
1	0.403915880879121	-1.8441267541505	-0.842907856836041
1	-1.32126932662051	-1.62883000874891	-0.491903258791932
1	-2.19689879709119	-0.0519499983963687	-0.345278858484527
1	0.738022012380948	1.18450254205524	-0.592481716057046
1	0.275365005221738	-0.708765407597979	-1.86444630563293
1	-2.38618863229116	-0.382453666073787	-0.909920104895771
1	-0.531639423465803	-1.99289584321798	0.0774174986998544
1	-1.201011221194	-0.622101771191665	-2.13960845032879
1	-0.959136102060715	0.170558877487018	0.219438246580033
1	-0.465263226339493	1.06824531108488	1.67376422622979
1	-2.66216713528497	-0.434916893089593	0.0118515207625133
1	-0.218284719041958	-1.11472462871853	1.25477131160487
1	-1.23653593121231	-1.45229563726587	0.117047546908109
1	-0.301776488702069	-1.13997930549094	1.23521507310433
1	-1.6799665869777	0.0980052322295174	1.11844448304667
1	-0.0906253663750796	-1.57325217720911	0.319047272130051
1	1.0315876795145	0.240605357999732	-0.601167461552474
1	-0.527290846890467	-0.0622508202405558	-0.57282810880126
1	-0.180129709566383	-0.88256193690728	0.087730074976896
1	-1.48935621838334	-0.37539476199753	-0.37769510576109
1	0.939566727981258	-0.550141396129923	1.13262982436965
1	1.51331519284716	-1.31127503774256	-0.177063583008225
1	0.910285880026486	-0.501825677119488	2.3429378024272
1	-0.0139438620217479	0.294304180669146	-0.239057009825447
1	-1.63761707487633	0.828633094386151	-0.714670557891341
1	-1.44682045150425	-1.28543495102572	1.78398131978733
1	-0.968478284924659	-0.583877701462756	-0.332184637306259
1	0.23779570686422	-0.292544530952587	-1.03230365445591
1	-0.30781584556823	-0.495617703897005	-1.22892115268175
1	-0.125466332540147	-2.54176929897887	0.659684657634469
1	-0.944166009827802	0.640439550766203	-0.552191249860981
1	-2.16792945892024	-0.340117132138519	1.31963985573647
1	-0.862663501564162	-1.16406325122837	-1.33619213704568
1	-0.895054382548167	0.150046390308927	1.20564965733586
1	-0.814980621466861	0.814458639008191	0.420296450040525
1	-0.673962119018464	-1.65798316415452	2.04555542733459
1	1.11748900879304	-0.416476451673366	-0.810959512256054
1	0.0688870509146258	-0.412133170220215	-1.19657628793776
1	-0.928336865234962	-1.16041010769169	-2.0505294601361
1	-0.680358194667429	0.841088143780403	0.161600133004905
1	0.51774088684772	-0.295868512740949	0.803168799360048
1	-0.134698316461894	-0.253506969313997	-1.93492204509454
1	-2.43413441429159	-0.77004525392455	-1.17051124446651
1	-0.923891336468574	-1.35902604572341	-2.07038174564508
1	0.487718861010909	-1.35344612967442	0.869079542695847
1	-1.06136777963102	-1.68250655258104	0.143264048776242
1	-2.77423129440319	-0.85262063070733	-1.34182167958224
1	-2.5605316793321	-0.309541984183913	1.71674007654588
0	-1.24687045269211	1.75577873289945	0.7866677707593
0	-1.09844800247847	1.78975075955474	0.867340048378328
0	1.40240470186453	-0.875632890973946	0.208489280866981
0	0.786916953726875	0.755180097306905	-1.13623181350746
0	0.69805454784009	0.325219007953005	-0.193010978350697
0	0.253900880063121	2.18252127455113	0.0318092094551734
0	-1.25785857416383	1.16066886034324	-0.888269107778577
0	1.11324787397287	2.37356151445788	0.653587668812364
0	-0.643610180285084	-1.40592319205666	-1.24175297201739
0	1.50758417835479	-0.381613031843914	-0.505018787145173
0	1.0134196490425	0.952425516223521	-1.6162233037747
0	-0.438732997877153	-0.0746347610221199	0.0857470094207206
0	0.0196516838264648	-0.389469779331899	0.163117578678065
0	1.75305173462733	1.70789059842499	0.275286862428
0	-0.276639581596653	2.23302695514041	1.36469484197792
0	0.312998367128345	2.06294101041295	-0.151691986478918
0	-0.189361333132268	0.917343516218415	0.593558690378287
0	-0.621359905288026	0.880509856663289	0.234496376056684
0	0.931202590013277	0.906720618573412	1.30263002798702
0	0.488631700223496	-0.431032590699813	-0.65832141386198
0	1.6770071556223	-0.639829154622633	1.94372866037422
0	0.785415267133699	-0.307074023189099	-0.237416804661083
0	0.675669373486165	1.72669670433059	0.274990953375055
0	0.983993241320578	0.981121509282457	-1.76723285488402
0	2.64016235564872	0.944083842485859	1.47803922470025
0	2.22913167210132	1.36141373984488	-0.125486137224506
0	0.926852803612024	0.157140566041339	1.45199195790464
0	0.952017946932899	1.19027555299239	0.0377004103396899
0	0.0125874279236561	0.153969375015592	0.196192365753222
0	3.62090439029947	-1.81891416107351	0.677002942092142
0	0.807146716717218	0.0980394624101801	1.98104800748663
0	0.473569970474421	0.859593180330275	0.370455072448583
0	0.0255981557082179	-0.604857502984213	0.291789084881945
0	-0.260603985515391	1.00221950373168	-0.792251223485362
0	-0.605501874546846	2.5829114491476	-0.345913808641805
0	0.264909088715694	0.0957030473114699	0.00112199499909976
0	2.03225683759647	1.66309402517771	0.668449291171071
0	-0.807049432701446	0.0720396463677369	1.19036486689667
0	0.978892537072179	2.21522187224138	0.661260486078605
0	-2.2577550813337	-0.203984728996655	0.737769893344107
0	3.07773258494782	1.56863594107584	2.43314497034362
0	-0.773617620929687	1.30377094468481	-0.887783025570723
0	-1.41843042237512	-2.07909606713435	1.23490598351384
0	3.2473136457755	1.7178094791852	1.25717492734715
0	-0.221132290673748	0.516038766244489	-0.147841086402888
0	-0.5006834251954	0.10472322554743	3.58225692088438
0	-0.0121224099783307	-0.862168041527638	0.746434328010799
0	0.414263733153132	0.170589824268995	1.32802679015439
0	0.319539757577829	-0.447266091299703	2.2712596309752
0	-0.997487836964253	1.18483214817397	-0.436182774625247
0	-0.881282127346803	0.0541324041983381	0.22293995111865
0	-0.496969160494	1.45382978698766	1.67670060352808
0	2.18442032618419	-0.42458972740259	0.629630132834685
0	2.11580320224274	2.99715755987502	0.569243585658343
0	0.663103662083021	2.2972982969859	-0.270037425752422
0	-0.090418003451172	1.01236489131308	-0.00918337766389465
0	0.327949668391672	-0.0420952387786611	0.824207223148783
0	1.39328579692968	2.1223374401149	-0.517826957116462
0	0.59967076610593	-0.0808437294201956	-0.501155097098599
0	-1.47978618463206	-0.659145641257872	0.182800209340259
0	-1.20133123347665	0.193224434638385	0.0209180641324103
0	-1.02828761813201	-1.56225316467851	-0.23693672217591
0	0.772555493953329	0.399865423801888	-0.310222212027272
0	-0.234538356402895	-0.165839618175543	1.49205916936038
0	-0.516638304941644	2.13260011248857	0.371168604295428
0	0.618884664067206	-0.0659646671919509	-0.0153892690865995
0	1.7624423544735	0.29141511788	0.210553642141959
0	-0.0329492630328857	0.591982047646568	-0.472413976432625
0	0.755398340963455	-1.19647811049615	-0.316690877874494
0	0.517955232770926	1.43080878543188	-0.802149704435239
0	-0.0281668920268284	1.50170797012549	-0.637185026473354
0	0.111523375320111	1.47766181282023	2.65292225651369
0	-0.0576913002190202	-0.82273401011628	-1.159307029189
0	-0.949236193679099	0.648268430930356	-1.15841342393476
0	1.03764285531928	0.250812861035612	-1.35640043715379
0	1.12093126752821	-0.42973806041539	1.70534757093551
0	-0.511120969416404	0.736923086285797	-1.22155330216372
0	-0.909814572654051	1.39514757258537	0.523409266043114
0	-0.248924820620514	1.41666242052161	-0.0967386119812093
0	-0.971268436842575	-0.796825622075367	2.04136299865627
0	-0.202457787789356	1.18488589012678	-0.277113782594609
0	1.19668206165058	0.334876735904159	0.996260634157657
0	-0.985584103476697	2.16932020563487	-0.380006053559789
0	-0.902419311937699	-0.247187516231525	-2.28613529159714
0	1.23880994755852	-0.390255316337409	-0.436217419400688
0	1.28320789438796	0.822061620749762	-0.122574065676242
0	1.74888906960393	-0.0980337270326525	-0.448205653245878
0	0.306544843908585	0.622017595104477	-0.338538209415397
0	1.33342792269434	0.151115443096967	0.922738423300811
0	0.0550129527855102	1.55698247330676	0.996063418293479
0	0.723954118642893	1.05614892730752	0.24999290940357
0	-0.166817235660109	-0.201143689437541	2.03747311173303
0	1.91010636795335	0.684077001128937	-0.613330167643932
0	-0.495063099870262	1.71065733759244	-1.89315466087398
0	0.108810915975373	-0.320731910493179	2.11664020601856
0	-0.803382082889552	2.9025339671746	0.635624588417274
0	1.90588235597227	1.41560466374213	-1.01573076083529
0	0.727575285959383	1.09655676718257	-0.0132179608122719
0	0.606232303872002	1.27089547554117	0.420309733795184
0	0.85838794023116	0.432003919960264	-0.538671182464859
0	-1.31217000299692	1.50636625013092	0.968047381033371
0	2.1002380751724	1.12007391240297	0.313872099927966
0	-0.833678905546749	0.590220404911325	-0.277456597355639
0	0.339684598042248	1.69260246363353	-0.877970277150834
0	-0.206028190448789	0.527739456983788	-0.686921632045347
0	0.506542190171316	0.548415082899408	0.392744511395871
0	0.246928189283823	0.637874318180023	0.0120125396649402
0	-0.0863425087916859	-1.1181800251584	0.183211549177758
0	0.841405295243519	0.87341161487056	0.206281607391243
0	0.869471715833274	0.667459219442147	1.20724089844836
0	0.329975871181822	0.454026340569823	1.0722298037485
0	-1.46044185727814	0.667487642351823	0.707772591499734
0	1.97846632368	0.698864370311468	0.147748963200052
0	1.37804881954308	-0.483914412945636	-0.219811200737813
0	1.12260506705094	-0.147368795085817	-2.00311703662854
0	0.909887885558994	0.869104112273846	-0.241800716549522
0	1.03588154644118	-0.222222559622654	-0.983141998567501
0	0.696547839484249	1.25047820866148	0.980417675872867
0	1.10459019061976	-0.420968592310824	-2.9592362341284
0	-1.91271623127552	0.258964850447094	-0.297370706204513
0	0.423374139635465	-0.619528784415279	2.00127179917036
0	1.0112769356968	1.27830945259135	1.11470862177481
0	0.826713778544073	0.120191425322897	0.702703002474068
0	1.92116411482896	-0.746052357775143	-0.234469445452302
0	0.747997264306228	0.095762742645699	0.370086537082901
0	0.817562673382997	0.604708643464816	-2.76884830154782
0	-0.583887775863681	0.708756759550702	0.407882603609158
0	0.320232621042858	1.07235421790901	-1.38588591785174
0	0.237403764589828	1.25066334130777	-0.26538194337118
0	-0.0549361524824541	-0.748460018482109	1.12656117484656
0	-0.250473972955259	1.15698060791872	1.21360820902129
0	-1.4523757172665	0.0757517026750786	-0.448140149683917
0	-0.290034320901184	1.5908764954341	-0.167264493878237
0	0.321290687359712	1.46020371089976	0.174509832694509
0	1.22685469798153	1.77231936497122	-1.03428362334733
0	1.51612975172161	0.36359977422057	1.39171861963624
0	-2.09051421668952	0.382213702172329	0.678134616813353
0	0.236953570874949	-1.24668235554397	1.35704528000203
0	0.543440681433793	0.500434818013244	-0.0695847992952028
0	-0.969251727526365	0.748146069000365	-0.370674271729607
0	0.347256913844758	1.31978244363888	-1.94042098774307
0	0.497589547810515	1.00660159273729	1.1796173129237
0	-0.143684323744997	-0.226854928522246	2.22326214652231
0	1.46421044417504	1.01792404675032	-0.250259942495937
0	1.13575965124891	0.497033522793545	-0.478177763883283
0	-0.287596007322095	-1.08005247589264	0.57416937309032
0	-0.401608504215928	1.98034752735886	-0.296959489558056
0	0.66050179454954	-0.0820650176335217	0.633005174054021
0	-0.540594849948227	-1.28673013271936	-0.504449024921945
0	-0.287166158836871	-0.506034214113121	0.382368085157719
0	-0.401933394852118	2.15234363526016	0.14401076520553
0	0.729651825769845	1.06238185156484	-0.354642843931773
0	0.580599274880031	1.09981564369129	1.14224958671576
0	0.421752699226188	0.0230865719049534	0.9038884594286
0	-0.563406776620875	-0.0469306632349007	-1.87696493233654
0	0.745616524987013	-0.172888506859298	-1.20804225883021
0	1.45422564693047	0.617646019630898	1.00512697496389
0	0.944454265086956	1.84817627268443	-0.986227501590813
0	1.44095456703216	1.06045725225679	1.17407217855388
0	-0.895020696758179	2.02077350725667	-1.14518323771572
0	-0.649119983427627	0.431433258966478	0.678277514606142
0	-1.59961593313267	1.86354867449667	-0.0810967673708133
0	0.183032553973535	0.0506610409108611	-0.789083630681286
0	1.21227627719546	-0.417434982348365	1.29345828930536
0	1.08268063756499	1.91275497940091	3.47446527950654
0	0.170719176746417	-0.34102833389713	0.346700575760751
0	0.336036959899414	-0.139709033459	0.869970594483428
0	0.875314174406557	-0.235079149803626	0.737263401974994
0	1.1078833497001	1.58855879131454	0.190567376699324
0	-0.51605973603603	0.785968508846844	1.40067451886893
0	0.0691426960863076	0.32244210131542	1.42910269975347
0	0.43147339236591	-0.218621565471038	0.366984483823398
0	2.55093003439998	0.617700142337128	-0.482523121667998
0	-1.1962408270176	0.175242865698347	-0.325878434331333
0	0.853983170912464	0.571511288552382	-0.401558134198047
0	1.28123184158363	0.929167362713715	-0.931728238913796
0	0.685491685625373	1.1803816179907	1.30191069601359
0	0.209549272420795	0.137025836849892	-0.677698758090761
0	0.581389629248637	1.2648971849086	0.67377033731894
0	0.0337258647128693	-0.829296963097634	0.5657034855784
0	1.59774007144628	2.80831375390537	-0.114530239823222
0	0.427943844261791	0.462881233733585	-0.648723336495665
0	0.00382189332661542	1.77140872181528	0.9607294396964
0	0.710183444005663	-0.361905343558666	-0.317350713039458
0	0.436679777592177	0.793750888595935	0.507557234824932
0	0.257847064958912	0.0206988704775037	0.154822623191304
0	-1.2837217313268	-0.450725360231022	0.94064897824416
0	0.523582974295086	1.54971991473531	-1.59236455721058
0	0.247823094479715	-0.999794242006933	-0.860207860672248
0	1.59365602454016	-0.625561494435253	-0.58044737217329
0	1.9352122815024	0.00790270461792453	0.726303385220901
0	0.439327115767248	-0.387503483150216	-0.176459788129548
0	1.05251926463216	1.10505314181301	-0.115993406059692
0	0.661000476455904	-0.370560313561862	0.697310115133524
0	0.163846078204355	-0.458016325658366	0.895722928602442
0	0.597888209288319	1.24407940207679	1.703668764302
0	-0.270980765157755	0.440921135584577	0.448025291026371
0	-0.436932707670599	1.85877280564628	1.6417838650648
0	-0.0399239860377989	1.27779727298568	0.970013219067882
0	-0.466998853759179	0.353119679646852	0.907048374068585
0	1.0780595617191	-0.347991054787609	0.18871148494219
0	-0.546928237041043	-1.60494474330788	2.31721003847013
0	3.13376411312564	1.71802064698313	0.70223208297798
0	-0.0662450022009913	-1.65069196833721	0.975906709392118
0	1.02894656210895	1.87972591288954	0.0285633139855913
0	0.730388656101597	1.17821637884233	-1.53573413371393
0	1.90879659526397	1.90460964536157	0.526850063241607
0	1.21755341270068	-0.130812580941578	1.02763386038654
0	0.37257303087139	1.07711050483515	-0.537897600939119
0	1.03771583159319	0.858176904460647	-0.125804214209662
0	-0.42504692942099	-0.936991706108878	0.276422809469402
0	1.00295636836372	-0.277885854181549	2.34232656471491
0	-0.477179285363939	0.62760022103917	-1.27530659229331
0	3.0005088736141	0.273277424891958	-0.179276588138038
0	1.92362679470707	-0.300121610113814	-1.22720560061733
0	1.4758999437586	-0.342768681894085	-1.69033209158691
0	0.234784850432889	-0.402038551629185	0.507721698134536
0	1.62292101975652	0.758166320554509	-0.00995524745572379
0	-0.107691977784852	-0.467993765158175	-0.193971678274975
0	-2.16259993559344	0.284427866611618	1.57676822887555
0	0.693450335015989	-0.161607931570037	1.56677170207686
0	-0.813696777820267	-0.398149709609304	2.60176453793754
0	-0.517172649998001	-0.109345678038109	0.939947464699231
0	1.40096562272427	1.45586271033649	0.67723572108574
0	1.66049968145977	1.29100210059052	1.23147742523456
0	2.78887924641399	-0.145545090795863	-0.323258196429127
0	-0.264170057028963	1.27888806196358	-1.55037935833231
0	0.624199999065951	1.7659322898808	0.808618239488869
0	-0.391184295936316	-2.2519191017082	0.220632457940418
0	1.70514862644227	0.214489648975796	-1.36049943495376
0	-0.765660816727217	1.17142137448911	-0.456960715666697
0	0.574628798320366	0.0741061418168183	-1.77961717109336
0	-1.0052310067932	-0.0558984656119095	1.78049822141825
0	-2.13421937107423	0.0721612511806538	-0.688256470261454
0	0.530829764862567	0.115517464641842	1.47021975508121
0	0.782789498572037	-0.752487032049917	-0.504503456830159
0	2.16680072367892	2.13860438975292	1.26484454109535
0	0.111591763561101	-0.180209051626382	1.12188061055577
0	-0.887614309930772	-0.470704300767347	0.943612411492283
0	1.52145706655394	-0.650407041554447	-0.241277669504089
0	-0.465796139988118	1.25605806764373	-0.870299708470136
0	1.75557677151993	0.467634984594333	0.269830832931563
0	1.65020301131946	1.52047701986912	-0.345073319442913
0	1.06011759824934	1.1329019548646	-0.508600069866373
0	0.931484343827355	2.2461243783211	1.20687244764302
0	-0.366524228268789	-0.0228609979279377	0.453569385512432
0	-0.342628502222302	0.172959980111664	1.90411338486235
0	0.925185666557153	0.58506098429829	0.395558345215535
0	1.91277101191464	-2.40861528270248	0.706591447721511
0	1.3199028564373	0.263470544242082	-0.537198944456061
0	0.411664466928289	1.19177337539691	-0.517647309815234
0	1.51957069380842	0.418878715912951	-0.0699205639146107
0	-0.420214064500764	1.76335986896254	0.790734252965989
0	-1.30036002094421	1.64824192690772	0.615271454450127
0	1.71184035699536	1.23409807038907	0.940106027843313
0	1.30832387496515	0.528842040917738	2.36516328109123
0	1.2709714860025	-1.15043166863346	-2.66212657974206
0	0.787913129963097	2.34190718116788	-0.534146508205558
0	1.73616867728893	1.25307313226398	1.35346937104442
0	-0.72788857188026	0.33899942724288	-1.46964701014151
0	0.0920574806785477	1.5704587444332	0.183727224567966
0	-0.4116423437288	0.943550963918043	1.90953490935093
0	0.954322751911881	0.618835170697992	0.224987064912289
0	0.516940891294614	0.394003815130017	1.82680071149986
0	0.0293916044684244	2.61548469909244	0.91583254820958
0	0.589922214171469	-0.212599018255256	-0.296817316186378
0	2.50535994325284	0.178294915381367	-0.494852747985461
0	2.38870301344897	-0.548116300202879	0.553386099475517
0	-0.0803706424202348	2.28184805204369	1.02293041339103
0	1.10039965234463	0.499301225324965	0.413352433831303
0	0.837115834254502	0.305003066950535	0.613444678322494
0	-0.478202200961449	1.82826192826448	1.13733916413686
0	-0.0946705636270869	1.03533155068962	2.07506919924052
0	1.55040713005457	0.216889112048967	0.0333885133010157
0	-0.457488184696099	-0.237497861816845	0.14223204454913
0	0.0167029740966462	1.42913968632279	-0.933971121154591
0	1.93396274751721	0.123415069627961	-0.445849427312949
0	0.486742428268381	0.23271786095102	1.03934951718826
0	0.37036295919255	1.49113696391095	-0.791606561182534
0	-0.492276870573527	0.127267704675462	-0.925389364108582
0	0.298027023993651	-0.962973886345777	1.71708096561313
0	1.5004622418272	1.11934562076417	-0.901231639666605
0	-0.0268292212756874	1.04426535993736	0.935777464513151
0	1.59512182199051	0.403296823466201	0.223186356258299
0	-0.789573089634259	1.76606703601713	0.64822632135993
0	0.277911859894404	0.525423809231983	-0.644311197773726
0	1.65781305194222	-0.97657171719014	-0.0697832077798162
0	0.779200179501339	-0.899431403247332	-1.19001734328569
0	-0.632556242319919	0.312749338653211	1.88891469481137
0	-0.267256859721118	-0.0216619098212659	1.12353580653232
0	0.913090630102596	0.414572205062202	-0.6886895169935
0	-0.922088567919952	0.41405374803965	-0.753015205719788
0	-0.659313012471872	-0.875968607933764	0.975213340175675
0	1.1129168942214	-0.469917902686445	0.873092232860399
0	-0.455110066646668	0.788664997282882	-0.885368211096915
0	1.89316487160878	2.57579373734238	-0.69019285665022
0	2.11423732540507	0.644081842474564	0.155856697470632
0	0.708503359224783	-0.231641815032196	-1.28135733672354
0	0.573475082490844	0.756634265283623	0.561454702164462
0	0.144739945129504	-0.630815988401439	-0.567857408069541
0	-0.387559976234719	-0.596246869215222	0.203563489298234
0	-0.123580269935023	-1.20480868772662	-0.963407362202268
0	-0.00519760505481048	1.51216345808265	0.432452105411713
0	-1.1845791093154	1.38087656079955	0.12028731610791
0	1.82177631820149	0.0821952098175469	1.60042896511304
0	1.46600165505847	-1.58980867319744	-0.886508627247464
0	0.623001507572033	-0.23231019364309	0.759428657286754
0	0.134859349533699	1.00273700974792	0.0114680069256659
0	0.232034909958386	-0.213403925772309	-0.281270133009203
0	-0.100770823566777	0.518244282328375	1.08824713509979
0	2.4861226447354	0.375672936177365	0.495271539105896
0	0.762228645338013	1.19156943861173	0.852910185659864
0	-0.112222256607945	-0.125261389974993	1.77639589356126
0	-0.993276162541477	0.474623159673191	-0.551829229078016
0	-0.658604512901567	1.97984180881347	0.103991684992314
0	-1.27666388450525	0.727407908003254	-0.186291615788644
0	-0.386877279520385	2.06706372963062	1.14722610858031
0	0.0742254250660065	-0.120705552985086	-0.904419169957176
0	1.6042787468201	2.04125028113705	0.143074872061821
0	1.48364824383867	-0.635886339198409	0.330497039682843
0	1.78197523740405	0.322106637451738	0.10867416620315
0	2.56424656850334	0.81379238629063	-0.759721541079953
0	0.327680591697036	2.08076961771618	0.76515582992437
0	0.391916846749012	0.989948189498569	1.8612010441159
0	0.85083488417704	0.302401707983605	-0.431783633432414
0	1.46705100955669	2.10834052788995	1.04738408271875
0	-0.490622283538421	-0.442877777093347	-0.043232241854525
0	0.791738612432851	-1.7336373075209	0.165397560250229
0	2.06310955024555	2.44135713323925	0.599231857829192
0	0.341914431344414	1.50524425196268	3.08915907370562
0	0.571394724501092	0.0777927929816764	1.40324562669004
0	1.56579652338483	0.751622718918772	0.199379795492507
0	2.10288638843618	2.83756737842529	2.54003044462172
0	1.86504788010444	1.25965193190415	-0.292262734386963
0	-0.694490537956547	-0.115340847528868	0.51515336079167
0	1.52515163262883	1.37573942774748	0.474284900229378
0	0.277479197116918	-0.690174364303802	-0.356006521509733
0	0.606902083979945	2.48982612707204	0.708905931806606
0	-0.501380184493028	1.36469302288191	-0.457014417539988
0	-0.718290955951696	1.21246447337715	-1.99385023547873
0	0.666403799946077	0.572510196471228	0.629701292425045
0	1.85595321967905	1.01779898597024	-0.528726965197632
0	2.18657656334798	0.0861221942676123	0.494672929077192
0	1.21659907650296	1.64800578107482	0.993007886695673
0	0.785814766065439	1.16771906014234	0.486336249895332
0	1.18309741370493	1.03748115354871	0.112620353754634
0	1.18145334606873	0.961654481511241	0.483526952273882
0	1.79470926234432	0.266521391930404	-1.47128382287238
0	0.95954867755529	0.434519441886958	-0.262991226461994
0	1.40818957831721	-0.402479893347464	-0.274149307656811
0	1.10905626899503	2.67908714063056	0.231640907813463
0	1.13839488218794	2.76275642228528	-0.750611506616405
0	1.9177682439582	0.288099727060353	0.368870101930544
0	0.574508643305536	-0.0823622421629722	-0.00437290930305323
0	0.94101141302885	2.80008491502764	0.825598579274981
0	1.32415430000256	1.07179038431892	-0.116687615886934
0	-0.216751659563012	1.32248445631518	0.400953869437144
0	-0.0915247865864105	1.6959194120407	0.839839179944923
0	2.06798758191463	2.77815232617728	1.69199131106912
0	0.518864847559443	-1.60477020598682	-0.340196818563728
0	1.34309582594539	1.83744241342974	0.391125124367994
0	-1.05583131359447	0.135611351194663	-0.605252280162322
0	-0.185930692932736	2.44114928819657	1.47342235028935
0	1.43287595480064	-0.600639917690418	1.6300570648896
0	2.0375204973935	1.11225299526878	1.49643842097062
0	0.112026804142438	-0.135448423412771	0.251300922754883
0	-0.565360640340695	-1.40650853373503	-0.926944520459173
0	2.30050769232067	1.3028415463383	-1.31733134552136
0	2.33392998452615	-0.340816734282047	0.425297583954606
0	-0.476058928246891	-0.803048779785439	-0.678849641696723
0	0.434762231472798	3.31495013833944	-0.367988224455869
0	1.61667418816191	-0.640710130329351	0.165824214484471
0	0.580245104827283	2.88836095611887	-1.8560848789
0	0.594946382857162	1.03842592253189	0.0699544883680086
0	1.29888182961953	-0.222349598337271	0.949231617056386
0	1.90967221002174	0.480519901080522	-0.399865653185201
0	0.878033860199999	1.37831271701763	1.10633464577575
0	0.942808180543382	-0.51994364114874	1.02826737901711
0	0.983228327094565	2.15427207357099	1.85823667998519
0	0.993866834168189	0.086079116180564	0.346382617751666
0	0.867240558701768	1.12351533861207	1.49701494315534
0	1.65511554088878	0.245965199450918	-1.86476433853433
0	1.06819451352315	0.319869416635736	-0.52597802250462
0	-1.20690921745074	-1.79739124132085	-0.102898953037547
0	-0.22452040675184	2.1648398154131	-0.453648733730794
0	2.59069801448969	0.463634766532539	-0.0780615185887866
0	-1.18378113574217	2.41215187781625	0.0141173837924862
0	-0.494778251208017	0.202428567386711	-1.35394990541237
0	-1.40547833129716	0.279032333680925	-0.718792739684069
0	-0.121116356057988	1.62721407890113	0.6532153241969
0	1.54754663129392	-0.280870771704851	0.406411917507554
0	-1.02312039028135	3.2833435461671	-1.00259756428274
0	0.196976942000597	1.51087165131174	-0.905536018846338
0	1.6927830433161	0.475484937394169	-1.29260113500569
0	-0.137262460256022	0.721344766959299	-0.94265458054091
0	3.24281421579932	3.00980926331779	0.855959023745246
0	0.555049475104522	-0.161056129967319	0.920889209942216
0	1.91399009836291	-0.218374251620926	0.496835409255834
0	-1.0071329895225	0.959054366637698	2.37704032520758
0	0.552407251357542	0.249471235742162	0.894638787613014
0	1.41554083940711	0.423065315209443	-0.22751649158828
0	1.38068180892368	0.913228708038976	0.315708311710836
0	1.71845377675871	0.594789283815229	0.0264152847454278
0	-0.660236377881066	1.79358456790296	-0.540710529233074
0	0.56368042051229	2.10208667580851	-0.814026746490128
0	1.07850220827659	2.02207092214954	-0.531472924406929
0	0.0599866755029262	0.792276711680491	1.21496002220542
0	0.592810864139338	0.616763386722168	0.609507745872696
0	2.30885868379041	1.7585858324053	0.214409719076923
0	1.4691964045633	0.917955063450603	0.442062097009499
0	1.28650750266165	0.881264915492345	-0.277138710273049
0	2.51873282741443	0.00753096973727163	-0.427558555378714
0	0.552860564649476	0.59576108871479	-0.374426672674583
0	2.79252936905197	0.00709289320715101	0.322033564261002
0	-0.274663691862515	0.524308897034082	1.61263522183625
0	-0.162330893209896	0.467903756919647	-0.484627895832467
0	-1.58618784856467	-1.30518119779599	0.721383957722867
0	2.00092639288424	0.552879062746473	0.925064159584485
0	-0.157750489264568	1.39548619367227	0.359917424023442
0	0.981599172129713	0.239837187041896	1.59749005739291
0	0.723470784592832	-1.58712933169818	-0.575963098905654
0	0.89087838475874	1.30877775067014	-0.151164064294459
0	-1.27293966429229	1.96725109339042	0.592815089022089
0	-0.733000514492512	0.123207226407736	0.762694435148011
0	0.249767108792587	0.958249888097622	1.17107065737688
0	0.623200667571548	0.290698030222552	-0.957656467396817
0	0.119228798903405	2.54142411075473	0.368073606686434
0	0.465687136689533	1.07269509800813	1.59819707012414
0	0.474426302365595	0.89513533396883	-0.572309612315603
0	-1.50915811232891	-1.2715526539987	0.794647566906195
0	-0.657037015382406	1.26940034914372	-0.578026892868912
0	1.6374770947908	0.967494891740233	-0.806979234622921
0	1.54345063447094	0.507591679514507	0.889240934515495
0	0.413228998941073	0.930489857545336	0.643693259745002
0	0.297998480720196	1.5196621803578	-0.180909131947567
0	0.949339609294921	1.40166534196894	0.214148014056523
0	1.26626002865066	1.47152050197974	-0.101692780091861
0	0.214761230775479	1.45497026140602	1.43773853004908
0	0.964064171107352	1.47849133122804	-1.05164102357268
0	0.333561298855231	0.25930987105761	0.449858459813709
0	2.39656413285629	0.130202790992079	1.14783924633285
0	0.258294008765242	1.4014949658242	0.134691275155084
0	0.722598543537202	2.52141488595969	-1.14821684122975
0	-0.779104720403142	0.285039034530764	0.292775232945378
0	0.104060298737987	1.26051491222931	0.891109527133749
0	0.274530961131529	0.5628285326278	0.0448946053403714
0	1.23689263446273	0.681868479930798	0.757860222507465
0	0.31304886101145	0.450959301470206	0.854188118627959
0	1.38938367479257	-0.74889203493109	-0.656237220205024
0	1.9573606692783	0.457783420424193	-0.328917873144182
0	2.41436390480213	-0.787736691722518	0.947395836227747
0	0.167139751709962	0.351485848903927	0.0331091664680679
0	-0.543962687378188	0.854203879990458	0.0546256574143419
0	0.194834777883892	1.53873584707928	0.699668035833409
0	1.51934772977351	1.06957538543907	-0.441409215351544
0	0.0724547943538658	0.298262152907981	-0.48534151274445
0	-0.283537704688658	0.581118306572677	0.709182776688887
0	0.813887824145854	-0.253706202384169	-1.02505604549623
0	-0.388372048817497	1.90783576373645	-1.89444335224188
0	2.41718441889244	0.21759826294556	2.46559973967438
0	-0.278036165547472	1.76061889327163	1.8984385287518
0	-0.791692144621185	0.262008827812129	1.32076447907449
0	-0.00101277444753045	-0.427026211100324	-1.4401797023309
0	-1.05264379337851	0.751768939475237	1.14662398801977
0	-0.0307431721860963	0.601916938821531	0.90784807378683
0	1.76188769489173	0.974137788349414	-0.257511479730611
0	1.17364938520567	1.52925992794551	0.617277737818456
0	1.33449442299118	0.194814890828154	-1.19199781162626
0	-0.383460553495074	-0.105093935086779	-0.566434369636561
0	0.789930298273048	0.550649135078178	-0.0330763309011406
0	0.20655272140006	1.91863187868807	0.598774758086916
0	-0.269428342579477	1.5508062404299	-0.670063528382096
0	0.170818976576549	-0.639221322200005	-0.527203503181026
0	-0.259050916654053	-1.12949701588019	1.19341947624793
0	1.37523813039862	0.650203134887146	0.237984690062332
0	0.335967306213559	1.81405461201125	1.10729121920184
0	1.68490617425583	0.157091332197137	-1.38806849625075
0	0.846174682637959	0.975518714058951	0.418197591930462
0	-1.82366494967953	1.17359856785025	0.747010450829653
0	0.814653023362836	1.05357156130808	1.0796052260494
0	1.33441334844861	1.97298279281762	-1.10423604201348
0	1.64700137569668	1.3857820771419	0.0597844983972788
0	-0.471443152499193	-1.28780060519078	-1.44212607876144
0	1.91935767354359	0.173786582578656	0.407789507192637
0	1.41799694581972	2.18183619235836	1.4657798719341
0	-0.373897146449237	1.09227796823498	1.63047288854213
0	-0.131464263695926	1.5548432287178	0.21796002009631
0	1.00182842248766	0.576743824833798	0.387788153066825
0	0.511012230806118	1.3517592469509	-0.258958725814129
0	-0.2155526391829	0.480909908567789	1.24610981190577
0	2.04976958173946	-0.118117135903958	-0.381894023370854
0	0.309224389342873	2.10288510772968	1.30308830327068
0	-0.773832690289298	1.93604426450888	0.137272277419995
0	0.0329900825016322	0.904824913986879	0.164791225358358
0	0.31630452399655	0.922317969238464	2.65467169217701
0	0.526986634271316	0.529077319365523	0.457260934219443
0	-0.541554552323934	1.6125640740609	0.952913538469991
0	0.273614630533688	1.50937992002358	1.13918819648035
0	-0.0556089019383949	-0.442050372602759	1.51502927044902
0	0.0307241869699405	1.09087773765261	-1.48505003434917
